loading the content of the input file...OK
parsing values p and q...OK
checking if p and q are relative prime...OK
reading the private key from 'private_key.txt'...OK
making sure the private key is a super-increasing sequence and that q is greater than the sum of all the values of the private key...OK
generating a public key...OK
starting encrypting the input data
01011010 | 20590
01101110 | 25777
01100001 | 15577
01101101 | 23922
00100000 | 4629
01101011 | 27509
01110010 | 19661
01101001 | 21135
01110011 | 24180
01110100 | 16074
01100001 | 15577
01101100 | 19403
01101111 | 30296
01110110 | 22448
01101111 | 30296
01110101 | 20593
00100000 | 4629
01110011 | 24180
01110100 | 16074
01110101 | 20593
01100100 | 13845
01100001 | 15577
01101110 | 25777
01101011 | 27509
01110101 | 20593
00101100 | 12974
00100000 | 4629
01101011 | 27509
01100100 | 13845
01100101 | 18364
00100000 | 4629
01101110 | 25777
01100101 | 18364
01101010 | 22990
01101000 | 16616
01101100 | 19403
01110101 | 20593
01100010 | 17432
01110011 | 24180
01101001 | 21135
00100000 | 4629
01101010 | 22990
01100101 | 18364
00100000 | 4629
01101100 | 19403
01100101 | 18364
01110011 | 24180
00101100 | 12974
00100000 | 4629
01110100 | 16074
01100001 | 15577
01101101 | 23922
00100000 | 4629
01110010 | 19661
01101111 | 30296
01110011 | 24180
01110100 | 16074
01100101 | 18364
00100000 | 4629
01110100 | 16074
01101101 | 23922
01100001 | 15577
01110110 | 22448
01100101 | 18364
00100000 | 4629
01101011 | 27509
01100001 | 15577
01110000 | 13287
01110010 | 19661
01100001 | 15577
01100100 | 13845
01101001 | 21135
00100000 | 4629
01100001 | 15577
00100000 | 4629
01110110 | 22448
01110101 | 20593
01101011 | 27509
01101111 | 30296
01101100 | 19403
00100000 | 4629
01110010 | 19661
01110101 | 20593
01100100 | 13845
01111001 | 23364
00100000 | 4629
01110110 | 22448
01110010 | 19661
01100101 | 18364
01110011 | 24180
00101110 | 19348
00001101 | 12864
00001010 | 11932
01010100 | 11445
01100001 | 15577
01101101 | 23922
00100000 | 4629
01110000 | 13287
01110100 | 16074
01100001 | 15577
01100011 | 21951
01101001 | 21135
00101100 | 12974
00100000 | 4629
01101100 | 19403
01100001 | 15577
01101110 | 25777
01100101 | 18364
00100000 | 4629
01100011 | 21951
01101000 | 16616
01101111 | 30296
01100100 | 13845
01101001 | 21135
00100000 | 4629
01110000 | 13287
01101001 | 21135
01110100 | 16074
00100000 | 4629
01110000 | 13287
01101111 | 30296
01100100 | 13845
00100000 | 4629
01101010 | 22990
01100001 | 15577
01110110 | 22448
01101111 | 30296
01110010 | 19661
01101111 | 30296
01110110 | 22448
01111001 | 23364
00100000 | 4629
01101011 | 27509
01101101 | 23922
01100101 | 18364
01101110 | 25777
00101100 | 12974
00100000 | 4629
01110100 | 16074
01101001 | 21135
00100000 | 4629
01110000 | 13287
01110100 | 16074
01100001 | 15577
01100011 | 21951
01101001 | 21135
00100000 | 4629
01111010 | 25219
01100001 | 15577
00100000 | 4629
01100100 | 13845
01101110 | 25777
01100101 | 18364
00100000 | 4629
01100010 | 17432
01101001 | 21135
01101100 | 19403
01100101 | 18364
01101000 | 16616
01101111 | 30296
00101100 | 12974
00100000 | 4629
01110100 | 16074
01111001 | 23364
00100000 | 4629
01101100 | 19403
01100001 | 15577
01101110 | 25777
01100101 | 18364
00100000 | 4629
01110110 | 22448
00100000 | 4629
01101110 | 25777
01101111 | 30296
01100011 | 21951
01101001 | 21135
00100000 | 4629
01101010 | 22990
01100101 | 18364
01101110 | 25777
00101110 | 19348
00001101 | 12864
00001010 | 11932
01001011 | 22880
01100100 | 13845
01111001 | 23364
01111010 | 25219
00100000 | 4629
01110101 | 20593
01110011 | 24180
01101110 | 25777
01101111 | 30296
01110101 | 20593
00100000 | 4629
01101100 | 19403
01100101 | 18364
01110011 | 24180
01111001 | 23364
00100000 | 4629
01101000 | 16616
01101100 | 19403
01110101 | 20593
01100010 | 17432
01101111 | 30296
01101011 | 27509
01100101 | 18364
00100000 | 4629
01100001 | 15577
00100000 | 4629
01101011 | 27509
01101111 | 30296
01101100 | 19403
01100101 | 18364
01101101 | 23922
00100000 | 4629
01110100 | 16074
01101001 | 21135
01100011 | 21951
01101000 | 16616
01101111 | 30296
00100000 | 4629
01101010 | 22990
01100101 | 18364
01110011 | 24180
01110100 | 16074
00101100 | 12974
00100000 | 4629
01110100 | 16074
01110101 | 20593
00100000 | 4629
01101110 | 25777
01100101 | 18364
01100010 | 17432
01100101 | 18364
01110011 | 24180
01100001 | 15577
00100000 | 4629
01101001 | 21135
00100000 | 4629
01110011 | 24180
01110100 | 16074
01110101 | 20593
01100100 | 13845
01100001 | 15577
01101110 | 25777
01101011 | 27509
01100001 | 15577
00100000 | 4629
01101010 | 22990
01110011 | 24180
01101111 | 30296
01110101 | 20593
00100000 | 4629
01110000 | 13287
01101100 | 19403
01101110 | 25777
01111001 | 23364
00100000 | 4629
01111010 | 25219
01101100 | 19403
01100001 | 15577
01110100 | 16074
01111001 | 23364
01100011 | 21951
01101000 | 16616
00100000 | 4629
01101000 | 16616
01110110 | 22448
01100101 | 18364
01111010 | 25219
01100100 | 13845
00101110 | 19348
encrypted data: 20590 25777 15577 23922 4629 27509 19661 21135 24180 16074 15577 19403 30296 22448 30296 20593 4629 24180 16074 20593 13845 15577 25777 27509 20593 12974 4629 27509 13845 18364 4629 25777 18364 22990 16616 19403 20593 17432 24180 21135 4629 22990 18364 4629 19403 18364 24180 12974 4629 16074 15577 23922 4629 19661 30296 24180 16074 18364 4629 16074 23922 15577 22448 18364 4629 27509 15577 13287 19661 15577 13845 21135 4629 15577 4629 22448 20593 27509 30296 19403 4629 19661 20593 13845 23364 4629 22448 19661 18364 24180 19348 12864 11932 11445 15577 23922 4629 13287 16074 15577 21951 21135 12974 4629 19403 15577 25777 18364 4629 21951 16616 30296 13845 21135 4629 13287 21135 16074 4629 13287 30296 13845 4629 22990 15577 22448 30296 19661 30296 22448 23364 4629 27509 23922 18364 25777 12974 4629 16074 21135 4629 13287 16074 15577 21951 21135 4629 25219 15577 4629 13845 25777 18364 4629 17432 21135 19403 18364 16616 30296 12974 4629 16074 23364 4629 19403 15577 25777 18364 4629 22448 4629 25777 30296 21951 21135 4629 22990 18364 25777 19348 12864 11932 22880 13845 23364 25219 4629 20593 24180 25777 30296 20593 4629 19403 18364 24180 23364 4629 16616 19403 20593 17432 30296 27509 18364 4629 15577 4629 27509 30296 19403 18364 23922 4629 16074 21135 21951 16616 30296 4629 22990 18364 24180 16074 12974 4629 16074 20593 4629 25777 18364 17432 18364 24180 15577 4629 21135 4629 24180 16074 20593 13845 15577 25777 27509 15577 4629 22990 24180 30296 20593 4629 13287 19403 25777 23364 4629 25219 19403 15577 16074 23364 21951 16616 4629 16616 22448 18364 25219 13845 19348 0 
starting decrypting the input data
calculating p^(-1) using the extended euclidean algorithm...OK (p=4988)
(4988 * 20590) % 7229 = 517 | 01011010
(4988 * 25777) % 7229 = 682 | 01101110
(4988 * 15577) % 7229 = 784 | 01100001
(4988 * 23922) % 7229 = 1062 | 01101101
(4988 * 4629) % 7229 = 26 | 00100000
(4988 * 27509) % 7229 = 1243 | 01101011
(4988 * 19661) % 7229 = 454 | 01110010
(4988 * 21135) % 7229 = 873 | 01101001
(4988 * 24180) % 7229 = 1204 | 01110011
(4988 * 16074) % 7229 = 273 | 01110100
(4988 * 15577) % 7229 = 784 | 01100001
(4988 * 19403) % 7229 = 312 | 01101100
(4988 * 30296) % 7229 = 1432 | 01101111
(4988 * 22448) % 7229 = 643 | 01110110
(4988 * 30296) % 7229 = 1432 | 01101111
(4988 * 20593) % 7229 = 1023 | 01110101
(4988 * 4629) % 7229 = 26 | 00100000
(4988 * 24180) % 7229 = 1204 | 01110011
(4988 * 16074) % 7229 = 273 | 01110100
(4988 * 20593) % 7229 = 1023 | 01110101
(4988 * 13845) % 7229 = 223 | 01100100
(4988 * 15577) % 7229 = 784 | 01100001
(4988 * 25777) % 7229 = 682 | 01101110
(4988 * 27509) % 7229 = 1243 | 01101011
(4988 * 20593) % 7229 = 1023 | 01110101
(4988 * 12974) % 7229 = 304 | 00101100
(4988 * 4629) % 7229 = 26 | 00100000
(4988 * 27509) % 7229 = 1243 | 01101011
(4988 * 13845) % 7229 = 223 | 01100100
(4988 * 18364) % 7229 = 973 | 01100101
(4988 * 4629) % 7229 = 26 | 00100000
(4988 * 25777) % 7229 = 682 | 01101110
(4988 * 18364) % 7229 = 973 | 01100101
(4988 * 22990) % 7229 = 493 | 01101010
(4988 * 16616) % 7229 = 123 | 01101000
(4988 * 19403) % 7229 = 312 | 01101100
(4988 * 20593) % 7229 = 1023 | 01110101
(4988 * 17432) % 7229 = 404 | 01100010
(4988 * 24180) % 7229 = 1204 | 01110011
(4988 * 21135) % 7229 = 873 | 01101001
(4988 * 4629) % 7229 = 26 | 00100000
(4988 * 22990) % 7229 = 493 | 01101010
(4988 * 18364) % 7229 = 973 | 01100101
(4988 * 4629) % 7229 = 26 | 00100000
(4988 * 19403) % 7229 = 312 | 01101100
(4988 * 18364) % 7229 = 973 | 01100101
(4988 * 24180) % 7229 = 1204 | 01110011
(4988 * 12974) % 7229 = 304 | 00101100
(4988 * 4629) % 7229 = 26 | 00100000
(4988 * 16074) % 7229 = 273 | 01110100
(4988 * 15577) % 7229 = 784 | 01100001
(4988 * 23922) % 7229 = 1062 | 01101101
(4988 * 4629) % 7229 = 26 | 00100000
(4988 * 19661) % 7229 = 454 | 01110010
(4988 * 30296) % 7229 = 1432 | 01101111
(4988 * 24180) % 7229 = 1204 | 01110011
(4988 * 16074) % 7229 = 273 | 01110100
(4988 * 18364) % 7229 = 973 | 01100101
(4988 * 4629) % 7229 = 26 | 00100000
(4988 * 16074) % 7229 = 273 | 01110100
(4988 * 23922) % 7229 = 1062 | 01101101
(4988 * 15577) % 7229 = 784 | 01100001
(4988 * 22448) % 7229 = 643 | 01110110
(4988 * 18364) % 7229 = 973 | 01100101
(4988 * 4629) % 7229 = 26 | 00100000
(4988 * 27509) % 7229 = 1243 | 01101011
(4988 * 15577) % 7229 = 784 | 01100001
(4988 * 13287) % 7229 = 84 | 01110000
(4988 * 19661) % 7229 = 454 | 01110010
(4988 * 15577) % 7229 = 784 | 01100001
(4988 * 13845) % 7229 = 223 | 01100100
(4988 * 21135) % 7229 = 873 | 01101001
(4988 * 4629) % 7229 = 26 | 00100000
(4988 * 15577) % 7229 = 784 | 01100001
(4988 * 4629) % 7229 = 26 | 00100000
(4988 * 22448) % 7229 = 643 | 01110110
(4988 * 20593) % 7229 = 1023 | 01110101
(4988 * 27509) % 7229 = 1243 | 01101011
(4988 * 30296) % 7229 = 1432 | 01101111
(4988 * 19403) % 7229 = 312 | 01101100
(4988 * 4629) % 7229 = 26 | 00100000
(4988 * 19661) % 7229 = 454 | 01110010
(4988 * 20593) % 7229 = 1023 | 01110101
(4988 * 13845) % 7229 = 223 | 01100100
(4988 * 23364) % 7229 = 923 | 01111001
(4988 * 4629) % 7229 = 26 | 00100000
(4988 * 22448) % 7229 = 643 | 01110110
(4988 * 19661) % 7229 = 454 | 01110010
(4988 * 18364) % 7229 = 973 | 01100101
(4988 * 24180) % 7229 = 1204 | 01110011
(4988 * 19348) % 7229 = 674 | 00101110
(4988 * 12864) % 7229 = 1028 | 00001101
(4988 * 11932) % 7229 = 459 | 00001010
(4988 * 11445) % 7229 = 247 | 01010100
(4988 * 15577) % 7229 = 784 | 01100001
(4988 * 23922) % 7229 = 1062 | 01101101
(4988 * 4629) % 7229 = 26 | 00100000
(4988 * 13287) % 7229 = 84 | 01110000
(4988 * 16074) % 7229 = 273 | 01110100
(4988 * 15577) % 7229 = 784 | 01100001
(4988 * 21951) % 7229 = 1154 | 01100011
(4988 * 21135) % 7229 = 873 | 01101001
(4988 * 12974) % 7229 = 304 | 00101100
(4988 * 4629) % 7229 = 26 | 00100000
(4988 * 19403) % 7229 = 312 | 01101100
(4988 * 15577) % 7229 = 784 | 01100001
(4988 * 25777) % 7229 = 682 | 01101110
(4988 * 18364) % 7229 = 973 | 01100101
(4988 * 4629) % 7229 = 26 | 00100000
(4988 * 21951) % 7229 = 1154 | 01100011
(4988 * 16616) % 7229 = 123 | 01101000
(4988 * 30296) % 7229 = 1432 | 01101111
(4988 * 13845) % 7229 = 223 | 01100100
(4988 * 21135) % 7229 = 873 | 01101001
(4988 * 4629) % 7229 = 26 | 00100000
(4988 * 13287) % 7229 = 84 | 01110000
(4988 * 21135) % 7229 = 873 | 01101001
(4988 * 16074) % 7229 = 273 | 01110100
(4988 * 4629) % 7229 = 26 | 00100000
(4988 * 13287) % 7229 = 84 | 01110000
(4988 * 30296) % 7229 = 1432 | 01101111
(4988 * 13845) % 7229 = 223 | 01100100
(4988 * 4629) % 7229 = 26 | 00100000
(4988 * 22990) % 7229 = 493 | 01101010
(4988 * 15577) % 7229 = 784 | 01100001
(4988 * 22448) % 7229 = 643 | 01110110
(4988 * 30296) % 7229 = 1432 | 01101111
(4988 * 19661) % 7229 = 454 | 01110010
(4988 * 30296) % 7229 = 1432 | 01101111
(4988 * 22448) % 7229 = 643 | 01110110
(4988 * 23364) % 7229 = 923 | 01111001
(4988 * 4629) % 7229 = 26 | 00100000
(4988 * 27509) % 7229 = 1243 | 01101011
(4988 * 23922) % 7229 = 1062 | 01101101
(4988 * 18364) % 7229 = 973 | 01100101
(4988 * 25777) % 7229 = 682 | 01101110
(4988 * 12974) % 7229 = 304 | 00101100
(4988 * 4629) % 7229 = 26 | 00100000
(4988 * 16074) % 7229 = 273 | 01110100
(4988 * 21135) % 7229 = 873 | 01101001
(4988 * 4629) % 7229 = 26 | 00100000
(4988 * 13287) % 7229 = 84 | 01110000
(4988 * 16074) % 7229 = 273 | 01110100
(4988 * 15577) % 7229 = 784 | 01100001
(4988 * 21951) % 7229 = 1154 | 01100011
(4988 * 21135) % 7229 = 873 | 01101001
(4988 * 4629) % 7229 = 26 | 00100000
(4988 * 25219) % 7229 = 543 | 01111010
(4988 * 15577) % 7229 = 784 | 01100001
(4988 * 4629) % 7229 = 26 | 00100000
(4988 * 13845) % 7229 = 223 | 01100100
(4988 * 25777) % 7229 = 682 | 01101110
(4988 * 18364) % 7229 = 973 | 01100101
(4988 * 4629) % 7229 = 26 | 00100000
(4988 * 17432) % 7229 = 404 | 01100010
(4988 * 21135) % 7229 = 873 | 01101001
(4988 * 19403) % 7229 = 312 | 01101100
(4988 * 18364) % 7229 = 973 | 01100101
(4988 * 16616) % 7229 = 123 | 01101000
(4988 * 30296) % 7229 = 1432 | 01101111
(4988 * 12974) % 7229 = 304 | 00101100
(4988 * 4629) % 7229 = 26 | 00100000
(4988 * 16074) % 7229 = 273 | 01110100
(4988 * 23364) % 7229 = 923 | 01111001
(4988 * 4629) % 7229 = 26 | 00100000
(4988 * 19403) % 7229 = 312 | 01101100
(4988 * 15577) % 7229 = 784 | 01100001
(4988 * 25777) % 7229 = 682 | 01101110
(4988 * 18364) % 7229 = 973 | 01100101
(4988 * 4629) % 7229 = 26 | 00100000
(4988 * 22448) % 7229 = 643 | 01110110
(4988 * 4629) % 7229 = 26 | 00100000
(4988 * 25777) % 7229 = 682 | 01101110
(4988 * 30296) % 7229 = 1432 | 01101111
(4988 * 21951) % 7229 = 1154 | 01100011
(4988 * 21135) % 7229 = 873 | 01101001
(4988 * 4629) % 7229 = 26 | 00100000
(4988 * 22990) % 7229 = 493 | 01101010
(4988 * 18364) % 7229 = 973 | 01100101
(4988 * 25777) % 7229 = 682 | 01101110
(4988 * 19348) % 7229 = 674 | 00101110
(4988 * 12864) % 7229 = 1028 | 00001101
(4988 * 11932) % 7229 = 459 | 00001010
(4988 * 22880) % 7229 = 1217 | 01001011
(4988 * 13845) % 7229 = 223 | 01100100
(4988 * 23364) % 7229 = 923 | 01111001
(4988 * 25219) % 7229 = 543 | 01111010
(4988 * 4629) % 7229 = 26 | 00100000
(4988 * 20593) % 7229 = 1023 | 01110101
(4988 * 24180) % 7229 = 1204 | 01110011
(4988 * 25777) % 7229 = 682 | 01101110
(4988 * 30296) % 7229 = 1432 | 01101111
(4988 * 20593) % 7229 = 1023 | 01110101
(4988 * 4629) % 7229 = 26 | 00100000
(4988 * 19403) % 7229 = 312 | 01101100
(4988 * 18364) % 7229 = 973 | 01100101
(4988 * 24180) % 7229 = 1204 | 01110011
(4988 * 23364) % 7229 = 923 | 01111001
(4988 * 4629) % 7229 = 26 | 00100000
(4988 * 16616) % 7229 = 123 | 01101000
(4988 * 19403) % 7229 = 312 | 01101100
(4988 * 20593) % 7229 = 1023 | 01110101
(4988 * 17432) % 7229 = 404 | 01100010
(4988 * 30296) % 7229 = 1432 | 01101111
(4988 * 27509) % 7229 = 1243 | 01101011
(4988 * 18364) % 7229 = 973 | 01100101
(4988 * 4629) % 7229 = 26 | 00100000
(4988 * 15577) % 7229 = 784 | 01100001
(4988 * 4629) % 7229 = 26 | 00100000
(4988 * 27509) % 7229 = 1243 | 01101011
(4988 * 30296) % 7229 = 1432 | 01101111
(4988 * 19403) % 7229 = 312 | 01101100
(4988 * 18364) % 7229 = 973 | 01100101
(4988 * 23922) % 7229 = 1062 | 01101101
(4988 * 4629) % 7229 = 26 | 00100000
(4988 * 16074) % 7229 = 273 | 01110100
(4988 * 21135) % 7229 = 873 | 01101001
(4988 * 21951) % 7229 = 1154 | 01100011
(4988 * 16616) % 7229 = 123 | 01101000
(4988 * 30296) % 7229 = 1432 | 01101111
(4988 * 4629) % 7229 = 26 | 00100000
(4988 * 22990) % 7229 = 493 | 01101010
(4988 * 18364) % 7229 = 973 | 01100101
(4988 * 24180) % 7229 = 1204 | 01110011
(4988 * 16074) % 7229 = 273 | 01110100
(4988 * 12974) % 7229 = 304 | 00101100
(4988 * 4629) % 7229 = 26 | 00100000
(4988 * 16074) % 7229 = 273 | 01110100
(4988 * 20593) % 7229 = 1023 | 01110101
(4988 * 4629) % 7229 = 26 | 00100000
(4988 * 25777) % 7229 = 682 | 01101110
(4988 * 18364) % 7229 = 973 | 01100101
(4988 * 17432) % 7229 = 404 | 01100010
(4988 * 18364) % 7229 = 973 | 01100101
(4988 * 24180) % 7229 = 1204 | 01110011
(4988 * 15577) % 7229 = 784 | 01100001
(4988 * 4629) % 7229 = 26 | 00100000
(4988 * 21135) % 7229 = 873 | 01101001
(4988 * 4629) % 7229 = 26 | 00100000
(4988 * 24180) % 7229 = 1204 | 01110011
(4988 * 16074) % 7229 = 273 | 01110100
(4988 * 20593) % 7229 = 1023 | 01110101
(4988 * 13845) % 7229 = 223 | 01100100
(4988 * 15577) % 7229 = 784 | 01100001
(4988 * 25777) % 7229 = 682 | 01101110
(4988 * 27509) % 7229 = 1243 | 01101011
(4988 * 15577) % 7229 = 784 | 01100001
(4988 * 4629) % 7229 = 26 | 00100000
(4988 * 22990) % 7229 = 493 | 01101010
(4988 * 24180) % 7229 = 1204 | 01110011
(4988 * 30296) % 7229 = 1432 | 01101111
(4988 * 20593) % 7229 = 1023 | 01110101
(4988 * 4629) % 7229 = 26 | 00100000
(4988 * 13287) % 7229 = 84 | 01110000
(4988 * 19403) % 7229 = 312 | 01101100
(4988 * 25777) % 7229 = 682 | 01101110
(4988 * 23364) % 7229 = 923 | 01111001
(4988 * 4629) % 7229 = 26 | 00100000
(4988 * 25219) % 7229 = 543 | 01111010
(4988 * 19403) % 7229 = 312 | 01101100
(4988 * 15577) % 7229 = 784 | 01100001
(4988 * 16074) % 7229 = 273 | 01110100
(4988 * 23364) % 7229 = 923 | 01111001
(4988 * 21951) % 7229 = 1154 | 01100011
(4988 * 16616) % 7229 = 123 | 01101000
(4988 * 4629) % 7229 = 26 | 00100000
(4988 * 16616) % 7229 = 123 | 01101000
(4988 * 22448) % 7229 = 643 | 01110110
(4988 * 18364) % 7229 = 973 | 01100101
(4988 * 25219) % 7229 = 543 | 01111010
(4988 * 13845) % 7229 = 223 | 01100100
(4988 * 19348) % 7229 = 674 | 00101110
(4988 * 0) % 7229 = 0 | 00000000
